	Frequency [Hz]	Amplitude [m]	Phase Angle [°]	
1	2,	4,0552e-007	179,79	
2	4,	4,0597e-007	179,57	
3	6,	4,0673e-007	179,36	
4	8,	4,0779e-007	179,14	
5	10,	4,0916e-007	178,92	
6	12,	4,1084e-007	178,7	
7	14,	4,1286e-007	178,47	
8	16,	4,1521e-007	178,24	
9	18,	4,1791e-007	178,	
10	20,	4,2098e-007	177,76	
11	22,	4,2442e-007	177,51	
12	24,	4,2826e-007	177,26	
13	26,	4,3253e-007	176,99	
14	28,	4,3724e-007	176,72	
15	30,	4,4242e-007	176,44	
16	32,	4,481e-007	176,14	
17	34,	4,5433e-007	175,83	
18	36,	4,6115e-007	175,51	
19	38,	4,6859e-007	175,17	
20	40,	4,7672e-007	174,81	
21	42,	4,8559e-007	174,43	
22	44,	4,9528e-007	174,02	
23	46,	5,0587e-007	173,59	
24	48,	5,1745e-007	173,13	
25	50,	5,3013e-007	172,64	
26	52,	5,4403e-007	172,11	
27	54,	5,5931e-007	171,54	
28	56,	5,7613e-007	170,92	
29	58,	5,947e-007	170,24	
30	60,	6,1525e-007	169,49	
31	62,	6,3807e-007	168,67	
32	64,	6,6349e-007	167,76	
33	66,	6,9192e-007	166,75	
34	68,	7,2386e-007	165,61	
35	70,	7,599e-007	164,33	
36	72,	8,0075e-007	162,86	
37	74,	8,4729e-007	161,18	
38	76,	9,0057e-007	159,24	
39	78,	9,6185e-007	156,97	
40	80,	1,0326e-006	154,29	
41	82,	1,1144e-006	151,08	
42	84,	1,2087e-006	147,22	
43	86,	1,3163e-006	142,51	
44	88,	1,4364e-006	136,74	
45	90,	1,564e-006	129,67	
46	92,	1,6868e-006	121,11	
47	94,	1,7833e-006	111,02	
48	96,	1,826e-006	99,755	
49	98,	1,796e-006	88,051	
50	100,	1,6974e-006	76,844	
51	102,	1,5548e-006	66,857	
52	104,	1,3971e-006	58,399	
53	106,	1,2441e-006	51,434	
54	108,	1,1058e-006	45,76	
55	110,	9,8491e-007	41,137	
56	112,	8,8088e-007	37,347	
57	114,	7,9176e-007	34,212	
58	116,	7,1536e-007	31,593	
59	118,	6,4957e-007	29,383	
60	120,	5,9263e-007	27,503	
61	122,	5,4305e-007	25,888	
62	124,	4,996e-007	24,491	
63	126,	4,6129e-007	23,273	
64	128,	4,2733e-007	22,206	
65	130,	3,9705e-007	21,266	
66	132,	3,6993e-007	20,435	
67	134,	3,455e-007	19,695	
68	136,	3,2341e-007	19,036	
69	138,	3,0336e-007	18,448	
70	140,	2,8507e-007	17,92	
71	142,	2,6835e-007	17,447	
72	144,	2,53e-007	17,023	
73	146,	2,3887e-007	16,643	
74	148,	2,2582e-007	16,301	
75	150,	2,1374e-007	15,996	
76	152,	2,0252e-007	15,723	
77	154,	1,9209e-007	15,481	
78	156,	1,8236e-007	15,266	
79	158,	1,7327e-007	15,078	
80	160,	1,6475e-007	14,914	
81	162,	1,5677e-007	14,773	
82	164,	1,4927e-007	14,655	
83	166,	1,422e-007	14,557	
84	168,	1,3554e-007	14,479	
85	170,	1,2925e-007	14,421	
86	172,	1,2331e-007	14,383	
87	174,	1,1767e-007	14,363	
88	176,	1,1234e-007	14,361	
89	178,	1,0727e-007	14,378	
90	180,	1,0245e-007	14,413	
91	182,	9,7865e-008	14,467	
92	184,	9,3499e-008	14,54	
93	186,	8,9335e-008	14,632	
94	188,	8,5361e-008	14,743	
95	190,	8,1564e-008	14,874	
96	192,	7,7934e-008	15,027	
97	194,	7,4459e-008	15,2	
98	196,	7,113e-008	15,397	
99	198,	6,7939e-008	15,617	
100	200,	6,4878e-008	15,862	
101	202,	6,194e-008	16,133	
102	204,	5,9117e-008	16,433	
103	206,	5,6403e-008	16,762	
104	208,	5,3793e-008	17,124	
105	210,	5,1281e-008	17,52	
106	212,	4,8862e-008	17,953	
107	214,	4,6532e-008	18,427	
108	216,	4,4287e-008	18,945	
109	218,	4,2123e-008	19,511	
110	220,	4,0036e-008	20,129	
111	222,	3,8023e-008	20,805	
112	224,	3,6082e-008	21,545	
113	226,	3,4209e-008	22,356	
114	228,	3,2403e-008	23,245	
115	230,	3,0661e-008	24,221	
116	232,	2,8982e-008	25,295	
117	234,	2,7365e-008	26,478	
118	236,	2,5809e-008	27,784	
119	238,	2,4313e-008	29,229	
120	240,	2,2877e-008	30,831	
121	242,	2,1502e-008	32,611	
122	244,	2,0188e-008	34,592	
123	246,	1,8938e-008	36,801	
124	248,	1,7753e-008	39,267	
125	250,	1,6638e-008	42,024	
126	252,	1,5595e-008	45,105	
127	254,	1,4631e-008	48,545	
128	256,	1,3752e-008	52,374	
129	258,	1,2964e-008	56,617	
130	260,	1,2275e-008	61,283	
131	262,	1,1695e-008	66,361	
132	264,	1,1229e-008	71,808	
133	266,	1,0885e-008	77,552	
134	268,	1,0666e-008	83,487	
135	270,	1,0572e-008	89,483	
136	272,	1,0599e-008	95,402	
137	274,	1,0739e-008	101,12	
138	276,	1,0983e-008	106,53	
139	278,	1,1319e-008	111,56	
140	280,	1,1734e-008	116,18	
141	282,	1,2217e-008	120,38	
142	284,	1,2754e-008	124,16	
143	286,	1,3338e-008	127,56	
144	288,	1,3959e-008	130,61	
145	290,	1,461e-008	133,33	
146	292,	1,5284e-008	135,76	
147	294,	1,5978e-008	137,95	
148	296,	1,6687e-008	139,9	
149	298,	1,7408e-008	141,66	
150	300,	1,8137e-008	143,25	
151	302,	1,8874e-008	144,67	
152	304,	1,9615e-008	145,97	
153	306,	2,0361e-008	147,14	
154	308,	2,1109e-008	148,2	
155	310,	2,1859e-008	149,17	
156	312,	2,261e-008	150,05	
157	314,	2,3361e-008	150,85	
158	316,	2,4113e-008	151,58	
159	318,	2,4865e-008	152,25	
160	320,	2,5616e-008	152,87	
161	322,	2,6366e-008	153,43	
162	324,	2,7117e-008	153,95	
163	326,	2,7866e-008	154,42	
164	328,	2,8615e-008	154,85	
165	330,	2,9364e-008	155,25	
166	332,	3,0112e-008	155,62	
167	334,	3,086e-008	155,95	
168	336,	3,1608e-008	156,25	
169	338,	3,2355e-008	156,53	
170	340,	3,3103e-008	156,78	
171	342,	3,3851e-008	157,01	
172	344,	3,46e-008	157,22	
173	346,	3,5349e-008	157,41	
174	348,	3,61e-008	157,58	
175	350,	3,6851e-008	157,73	
176	352,	3,7604e-008	157,86	
177	354,	3,8358e-008	157,98	
178	356,	3,9114e-008	158,08	
179	358,	3,9872e-008	158,16	
180	360,	4,0632e-008	158,23	
181	362,	4,1393e-008	158,29	
182	364,	4,2158e-008	158,33	
183	366,	4,2924e-008	158,36	
184	368,	4,3694e-008	158,38	
185	370,	4,4465e-008	158,38	
186	372,	4,524e-008	158,38	
187	374,	4,6017e-008	158,36	
188	376,	4,6798e-008	158,33	
189	378,	4,7581e-008	158,29	
190	380,	4,8367e-008	158,25	
191	382,	4,9156e-008	158,19	
192	384,	4,9949e-008	158,13	
193	386,	5,0744e-008	158,06	
194	388,	5,1544e-008	157,98	
195	390,	5,2347e-008	157,89	
196	392,	5,3155e-008	157,8	
197	394,	5,3968e-008	157,7	
198	396,	5,4786e-008	157,6	
199	398,	5,5611e-008	157,5	
200	400,	5,6443e-008	157,39	
201	402,	5,7284e-008	157,27	
202	404,	5,8134e-008	157,15	
203	406,	5,8994e-008	157,03	
204	408,	5,9866e-008	156,9	
205	410,	6,0751e-008	156,77	
206	412,	6,165e-008	156,64	
207	414,	6,2563e-008	156,5	
208	416,	6,3492e-008	156,35	
209	418,	6,4437e-008	156,19	
210	420,	6,54e-008	156,03	
211	422,	6,638e-008	155,86	
212	424,	6,7379e-008	155,68	
213	426,	6,8398e-008	155,49	
214	428,	6,9436e-008	155,3	
215	430,	7,0494e-008	155,09	
216	432,	7,1573e-008	154,87	
217	434,	7,2673e-008	154,65	
218	436,	7,3796e-008	154,41	
219	438,	7,4941e-008	154,16	
220	440,	7,6108e-008	153,89	
221	442,	7,73e-008	153,62	
222	444,	7,8516e-008	153,33	
223	446,	7,9757e-008	153,03	
224	448,	8,1024e-008	152,72	
225	450,	8,2317e-008	152,39	
226	452,	8,3637e-008	152,05	
227	454,	8,4985e-008	151,7	
228	456,	8,6362e-008	151,33	
229	458,	8,7769e-008	150,95	
230	460,	8,9206e-008	150,55	
231	462,	9,0675e-008	150,13	
232	464,	9,2176e-008	149,7	
233	466,	9,371e-008	149,25	
234	468,	9,5279e-008	148,79	
235	470,	9,6882e-008	148,3	
236	472,	9,8521e-008	147,8	
237	474,	1,002e-007	147,28	
238	476,	1,0191e-007	146,73	
239	478,	1,0366e-007	146,17	
240	480,	1,0546e-007	145,58	
241	482,	1,0729e-007	144,98	
242	484,	1,0916e-007	144,35	
243	486,	1,1107e-007	143,69	
244	488,	1,1303e-007	143,01	
245	490,	1,1503e-007	142,3	
246	492,	1,1707e-007	141,57	
247	494,	1,1915e-007	140,8	
248	496,	1,2128e-007	140,01	
249	498,	1,2344e-007	139,19	
250	500,	1,2565e-007	138,33	
251	502,	1,279e-007	137,44	
252	504,	1,3019e-007	136,52	
253	506,	1,3251e-007	135,56	
254	508,	1,3487e-007	134,57	
255	510,	1,3726e-007	133,54	
256	512,	1,3968e-007	132,47	
257	514,	1,4213e-007	131,35	
258	516,	1,4459e-007	130,2	
259	518,	1,4707e-007	129,	
260	520,	1,4956e-007	127,77	
261	522,	1,5205e-007	126,48	
262	524,	1,5453e-007	125,15	
263	526,	1,57e-007	123,78	
264	528,	1,5944e-007	122,35	
265	530,	1,6184e-007	120,88	
266	532,	1,6419e-007	119,37	
267	534,	1,6648e-007	117,81	
268	536,	1,687e-007	116,2	
269	538,	1,7083e-007	114,54	
270	540,	1,7285e-007	112,84	
271	542,	1,7474e-007	111,1	
272	544,	1,7651e-007	109,32	
273	546,	1,7812e-007	107,5	
274	548,	1,7956e-007	105,65	
275	550,	1,8082e-007	103,76	
276	552,	1,8188e-007	101,84	
277	554,	1,8274e-007	99,903	
278	556,	1,8338e-007	97,943	
279	558,	1,838e-007	95,967	
280	560,	1,8398e-007	93,98	
281	562,	1,8393e-007	91,987	
282	564,	1,8364e-007	89,993	
283	566,	1,8312e-007	88,004	
284	568,	1,8237e-007	86,025	
285	570,	1,814e-007	84,059	
286	572,	1,8022e-007	82,113	
287	574,	1,7883e-007	80,189	
288	576,	1,7725e-007	78,293	
289	578,	1,755e-007	76,429	
290	580,	1,7358e-007	74,598	
291	582,	1,7153e-007	72,805	
292	584,	1,6934e-007	71,052	
293	586,	1,6705e-007	69,34	
294	588,	1,6465e-007	67,672	
295	590,	1,6218e-007	66,049	
296	592,	1,5964e-007	64,472	
297	594,	1,5705e-007	62,941	
298	596,	1,5443e-007	61,456	
299	598,	1,5177e-007	60,019	
300	600,	1,491e-007	58,627	
301	602,	1,4643e-007	57,281	
302	604,	1,4376e-007	55,981	
303	606,	1,411e-007	54,725	
304	608,	1,3846e-007	53,512	
305	610,	1,3584e-007	52,342	
306	612,	1,3326e-007	51,214	
307	614,	1,3071e-007	50,125	
308	616,	1,2819e-007	49,075	
309	618,	1,2572e-007	48,064	
310	620,	1,2329e-007	47,088	
311	622,	1,2091e-007	46,148	
312	624,	1,1858e-007	45,242	
313	626,	1,1629e-007	44,368	
314	628,	1,1405e-007	43,526	
315	630,	1,1186e-007	42,714	
316	632,	1,0973e-007	41,931	
317	634,	1,0764e-007	41,177	
318	636,	1,056e-007	40,449	
319	638,	1,0361e-007	39,747	
320	640,	1,0166e-007	39,069	
321	642,	9,9769e-008	38,416	
322	644,	9,7921e-008	37,785	
323	646,	9,6118e-008	37,176	
324	648,	9,4361e-008	36,589	
325	650,	9,2648e-008	36,021	
326	652,	9,0978e-008	35,473	
327	654,	8,9349e-008	34,943	
328	656,	8,7762e-008	34,431	
329	658,	8,6214e-008	33,937	
330	660,	8,4705e-008	33,459	
331	662,	8,3234e-008	32,996	
332	664,	8,1799e-008	32,549	
333	666,	8,04e-008	32,117	
334	668,	7,9036e-008	31,698	
335	670,	7,7705e-008	31,293	
336	672,	7,6406e-008	30,902	
337	674,	7,514e-008	30,522	
338	676,	7,3903e-008	30,155	
339	678,	7,2697e-008	29,8	
340	680,	7,1519e-008	29,455	
341	682,	7,0369e-008	29,122	
342	684,	6,9246e-008	28,799	
343	686,	6,815e-008	28,486	
344	688,	6,7079e-008	28,183	
345	690,	6,6032e-008	27,889	
346	692,	6,501e-008	27,604	
347	694,	6,401e-008	27,328	
348	696,	6,3033e-008	27,06	
349	698,	6,2078e-008	26,801	
350	700,	6,1144e-008	26,55	
351	702,	6,0231e-008	26,306	
352	704,	5,9337e-008	26,07	
353	706,	5,8463e-008	25,84	
354	708,	5,7608e-008	25,618	
355	710,	5,677e-008	25,403	
356	712,	5,5951e-008	25,195	
357	714,	5,5148e-008	24,992	
358	716,	5,4362e-008	24,796	
359	718,	5,3592e-008	24,606	
360	720,	5,2838e-008	24,422	
361	722,	5,2099e-008	24,244	
362	724,	5,1375e-008	24,071	
363	726,	5,0665e-008	23,903	
364	728,	4,9969e-008	23,741	
365	730,	4,9286e-008	23,584	
366	732,	4,8617e-008	23,432	
367	734,	4,7961e-008	23,285	
368	736,	4,7317e-008	23,143	
369	738,	4,6685e-008	23,005	
370	740,	4,6065e-008	22,872	
371	742,	4,5456e-008	22,743	
372	744,	4,4859e-008	22,619	
373	746,	4,4272e-008	22,499	
374	748,	4,3696e-008	22,383	
375	750,	4,313e-008	22,271	
376	752,	4,2575e-008	22,164	
377	754,	4,2029e-008	22,06	
378	756,	4,1492e-008	21,96	
379	758,	4,0965e-008	21,864	
380	760,	4,0447e-008	21,771	
381	762,	3,9938e-008	21,682	
382	764,	3,9437e-008	21,597	
383	766,	3,8944e-008	21,516	
384	768,	3,846e-008	21,438	
385	770,	3,7984e-008	21,363	
386	772,	3,7515e-008	21,292	
387	774,	3,7054e-008	21,224	
388	776,	3,6601e-008	21,159	
389	778,	3,6154e-008	21,098	
390	780,	3,5715e-008	21,039	
391	782,	3,5282e-008	20,985	
392	784,	3,4857e-008	20,933	
393	786,	3,4437e-008	20,884	
394	788,	3,4025e-008	20,838	
395	790,	3,3618e-008	20,796	
396	792,	3,3217e-008	20,756	
397	794,	3,2823e-008	20,72	
398	796,	3,2434e-008	20,686	
399	798,	3,2051e-008	20,655	
400	800,	3,1674e-008	20,628	
401	802,	3,1302e-008	20,603	
402	804,	3,0935e-008	20,581	
403	806,	3,0574e-008	20,562	
404	808,	3,0217e-008	20,546	
405	810,	2,9866e-008	20,533	
406	812,	2,9519e-008	20,523	
407	814,	2,9178e-008	20,516	
408	816,	2,8841e-008	20,511	
409	818,	2,8508e-008	20,509	
410	820,	2,818e-008	20,51	
411	822,	2,7857e-008	20,515	
412	824,	2,7538e-008	20,521	
413	826,	2,7222e-008	20,531	
414	828,	2,6912e-008	20,544	
415	830,	2,6605e-008	20,559	
416	832,	2,6302e-008	20,578	
417	834,	2,6003e-008	20,599	
418	836,	2,5707e-008	20,623	
419	838,	2,5416e-008	20,65	
420	840,	2,5128e-008	20,68	
421	842,	2,4844e-008	20,713	
422	844,	2,4563e-008	20,749	
423	846,	2,4286e-008	20,788	
424	848,	2,4012e-008	20,83	
425	850,	2,3741e-008	20,875	
426	852,	2,3474e-008	20,923	
427	854,	2,321e-008	20,974	
428	856,	2,2949e-008	21,029	
429	858,	2,2691e-008	21,086	
430	860,	2,2436e-008	21,147	
431	862,	2,2185e-008	21,21	
432	864,	2,1936e-008	21,277	
433	866,	2,169e-008	21,348	
434	868,	2,1446e-008	21,421	
435	870,	2,1206e-008	21,498	
436	872,	2,0968e-008	21,579	
437	874,	2,0733e-008	21,662	
438	876,	2,0501e-008	21,75	
439	878,	2,0271e-008	21,841	
440	880,	2,0044e-008	21,935	
441	882,	1,9819e-008	22,033	
442	884,	1,9597e-008	22,135	
443	886,	1,9377e-008	22,241	
444	888,	1,916e-008	22,35	
445	890,	1,8944e-008	22,463	
446	892,	1,8732e-008	22,58	
447	894,	1,8521e-008	22,702	
448	896,	1,8313e-008	22,827	
449	898,	1,8107e-008	22,956	
450	900,	1,7903e-008	23,09	
451	902,	1,7702e-008	23,228	
452	904,	1,7502e-008	23,37	
453	906,	1,7305e-008	23,517	
454	908,	1,711e-008	23,669	
455	910,	1,6916e-008	23,824	
456	912,	1,6725e-008	23,985	
457	914,	1,6536e-008	24,151	
458	916,	1,6349e-008	24,321	
459	918,	1,6163e-008	24,497	
460	920,	1,598e-008	24,677	
461	922,	1,5799e-008	24,863	
462	924,	1,5619e-008	25,054	
463	926,	1,5441e-008	25,251	
464	928,	1,5266e-008	25,453	
465	930,	1,5092e-008	25,66	
466	932,	1,4919e-008	25,874	
467	934,	1,4749e-008	26,094	
468	936,	1,458e-008	26,319	
469	938,	1,4414e-008	26,551	
470	940,	1,4248e-008	26,789	
471	942,	1,4085e-008	27,033	
472	944,	1,3924e-008	27,285	
473	946,	1,3764e-008	27,543	
474	948,	1,3605e-008	27,807	
475	950,	1,3449e-008	28,079	
476	952,	1,3294e-008	28,358	
477	954,	1,3141e-008	28,645	
478	956,	1,299e-008	28,939	
479	958,	1,284e-008	29,241	
480	960,	1,2692e-008	29,551	
481	962,	1,2546e-008	29,869	
482	964,	1,2401e-008	30,195	
483	966,	1,2258e-008	30,53	
484	968,	1,2116e-008	30,873	
485	970,	1,1977e-008	31,225	
486	972,	1,1839e-008	31,587	
487	974,	1,1702e-008	31,957	
488	976,	1,1567e-008	32,337	
489	978,	1,1434e-008	32,727	
490	980,	1,1303e-008	33,127	
491	982,	1,1173e-008	33,537	
492	984,	1,1045e-008	33,957	
493	986,	1,0919e-008	34,388	
494	988,	1,0795e-008	34,829	
495	990,	1,0672e-008	35,282	
496	992,	1,0551e-008	35,746	
497	994,	1,0432e-008	36,221	
498	996,	1,0314e-008	36,708	
499	998,	1,0198e-008	37,207	
500	1000,	1,0084e-008	37,718	
