	Frequency [Hz]	Amplitude [m]	Phase Angle [°]	
1	2,	4,3469e-005	179,76	
2	4,	4,3524e-005	179,52	
3	6,	4,3616e-005	179,28	
4	8,	4,3745e-005	179,04	
5	10,	4,3912e-005	178,79	
6	12,	4,4118e-005	178,55	
7	14,	4,4363e-005	178,3	
8	16,	4,465e-005	178,04	
9	18,	4,498e-005	177,78	
10	20,	4,5353e-005	177,51	
11	22,	4,5773e-005	177,24	
12	24,	4,6242e-005	176,96	
13	26,	4,6762e-005	176,67	
14	28,	4,7337e-005	176,37	
15	30,	4,7969e-005	176,06	
16	32,	4,8663e-005	175,73	
17	34,	4,9424e-005	175,4	
18	36,	5,0255e-005	175,05	
19	38,	5,1164e-005	174,68	
20	40,	5,2157e-005	174,29	
21	42,	5,3241e-005	173,88	
22	44,	5,4425e-005	173,45	
23	46,	5,572e-005	172,99	
24	48,	5,7136e-005	172,5	
25	50,	5,8687e-005	171,98	
26	52,	6,0388e-005	171,42	
27	54,	6,2258e-005	170,81	
28	56,	6,4317e-005	170,16	
29	58,	6,6591e-005	169,44	
30	60,	6,911e-005	168,67	
31	62,	7,1907e-005	167,81	
32	64,	7,5026e-005	166,87	
33	66,	7,8516e-005	165,82	
34	68,	8,2439e-005	164,64	
35	70,	8,6868e-005	163,32	
36	72,	9,1894e-005	161,82	
37	74,	9,7625e-005	160,11	
38	76,	1,0419e-004	158,12	
39	78,	1,1176e-004	155,81	
40	80,	1,2051e-004	153,09	
41	82,	1,3064e-004	149,84	
42	84,	1,4236e-004	145,93	
43	86,	1,5579e-004	141,18	
44	88,	1,7084e-004	135,37	
45	90,	1,8696e-004	128,25	
46	92,	2,027e-004	119,63	
47	94,	2,1545e-004	109,5	
48	96,	2,2183e-004	98,182	
49	98,	2,1943e-004	86,426	
50	100,	2,0859e-004	75,165	
51	102,	1,9222e-004	65,124	
52	104,	1,7378e-004	56,609	
53	106,	1,5574e-004	49,586	
54	108,	1,3932e-004	43,851	
55	110,	1,2492e-004	39,166	
56	112,	1,1249e-004	35,312	
57	114,	1,0182e-004	32,111	
58	116,	9,2652e-005	29,424	
59	118,	8,4752e-005	27,145	
60	120,	7,7908e-005	25,192	
61	122,	7,1943e-005	23,502	
62	124,	6,6713e-005	22,028	
63	126,	6,2101e-005	20,732	
64	128,	5,801e-005	19,583	
65	130,	5,4362e-005	18,558	
66	132,	5,1092e-005	17,638	
67	134,	4,8149e-005	16,808	
68	136,	4,5487e-005	16,055	
69	138,	4,307e-005	15,369	
70	140,	4,0867e-005	14,741	
71	142,	3,8852e-005	14,163	
72	144,	3,7003e-005	13,631	
73	146,	3,5301e-005	13,138	
74	148,	3,3731e-005	12,68	
75	150,	3,2277e-005	12,254	
76	152,	3,0928e-005	11,855	
77	154,	2,9674e-005	11,482	
78	156,	2,8506e-005	11,132	
79	158,	2,7414e-005	10,802	
80	160,	2,6393e-005	10,491	
81	162,	2,5435e-005	10,197	
82	164,	2,4536e-005	9,9191	
83	166,	2,369e-005	9,655	
84	168,	2,2894e-005	9,4039	
85	170,	2,2142e-005	9,1647	
86	172,	2,1432e-005	8,9367	
87	174,	2,0761e-005	8,7187	
88	176,	2,0125e-005	8,5103	
89	178,	1,9521e-005	8,3105	
90	180,	1,8949e-005	8,1188	
91	182,	1,8405e-005	7,9346	
92	184,	1,7887e-005	7,7575	
93	186,	1,7394e-005	7,5868	
94	188,	1,6923e-005	7,4222	
95	190,	1,6475e-005	7,2632	
96	192,	1,6047e-005	7,1096	
97	194,	1,5637e-005	6,9609	
98	196,	1,5246e-005	6,8168	
99	198,	1,4871e-005	6,6771	
100	200,	1,4512e-005	6,5415	
101	202,	1,4168e-005	6,4096	
102	204,	1,3838e-005	6,2814	
103	206,	1,3521e-005	6,1566	
104	208,	1,3216e-005	6,0349	
105	210,	1,2924e-005	5,9162	
106	212,	1,2642e-005	5,8003	
107	214,	1,2371e-005	5,6871	
108	216,	1,2111e-005	5,5763	
109	218,	1,186e-005	5,4679	
110	220,	1,1618e-005	5,3616	
111	222,	1,1384e-005	5,2575	
112	224,	1,1159e-005	5,1553	
113	226,	1,0942e-005	5,0549	
114	228,	1,0732e-005	4,9562	
115	230,	1,0529e-005	4,8591	
116	232,	1,0333e-005	4,7636	
117	234,	1,0144e-005	4,6695	
118	236,	9,9608e-006	4,5767	
119	238,	9,7836e-006	4,4851	
120	240,	9,6121e-006	4,3947	
121	242,	9,446e-006	4,3054	
122	244,	9,2852e-006	4,2171	
123	246,	9,1293e-006	4,1297	
124	248,	8,9783e-006	4,0432	
125	250,	8,8318e-006	3,9575	
126	252,	8,6898e-006	3,8725	
127	254,	8,552e-006	3,7882	
128	256,	8,4183e-006	3,7045	
129	258,	8,2886e-006	3,6213	
130	260,	8,1626e-006	3,5387	
131	262,	8,0403e-006	3,4564	
132	264,	7,9214e-006	3,3746	
133	266,	7,806e-006	3,2931	
134	268,	7,6938e-006	3,2118	
135	270,	7,5847e-006	3,1308	
136	272,	7,4787e-006	3,05	
137	274,	7,3756e-006	2,9693	
138	276,	7,2754e-006	2,8886	
139	278,	7,1778e-006	2,808	
140	280,	7,0829e-006	2,7274	
141	282,	6,9906e-006	2,6468	
142	284,	6,9007e-006	2,566	
143	286,	6,8132e-006	2,4851	
144	288,	6,7281e-006	2,404	
145	290,	6,6451e-006	2,3226	
146	292,	6,5644e-006	2,241	
147	294,	6,4857e-006	2,1591	
148	296,	6,4091e-006	2,0768	
149	298,	6,3345e-006	1,994	
150	300,	6,2618e-006	1,9109	
151	302,	6,191e-006	1,8272	
152	304,	6,1219e-006	1,743	
153	306,	6,0547e-006	1,6581	
154	308,	5,9891e-006	1,5727	
155	310,	5,9252e-006	1,4866	
156	312,	5,863e-006	1,3997	
157	314,	5,8023e-006	1,3121	
158	316,	5,7431e-006	1,2237	
159	318,	5,6855e-006	1,1344	
160	320,	5,6293e-006	1,0442	
161	322,	5,5745e-006	0,95305	
162	324,	5,5211e-006	0,86089	
163	326,	5,4691e-006	0,76768	
164	328,	5,4183e-006	0,67335	
165	330,	5,3689e-006	0,57787	
166	332,	5,3207e-006	0,48118	
167	334,	5,2738e-006	0,38322	
168	336,	5,228e-006	0,28394	
169	338,	5,1834e-006	0,18329	
170	340,	5,14e-006	8,1206e-002	
171	342,	5,0977e-006	-2,2369e-002	
172	344,	5,0565e-006	-0,1275	
173	346,	5,0163e-006	-0,23423	
174	348,	4,9773e-006	-0,34265	
175	350,	4,9392e-006	-0,45281	
176	352,	4,9022e-006	-0,56477	
177	354,	4,8662e-006	-0,67861	
178	356,	4,8311e-006	-0,79439	
179	358,	4,797e-006	-0,91219	
180	360,	4,7639e-006	-1,0321	
181	362,	4,7317e-006	-1,1541	
182	364,	4,7004e-006	-1,2785	
183	366,	4,67e-006	-1,4051	
184	368,	4,6405e-006	-1,5341	
185	370,	4,6118e-006	-1,6657	
186	372,	4,5841e-006	-1,7998	
187	374,	4,5571e-006	-1,9366	
188	376,	4,531e-006	-2,0762	
189	378,	4,5058e-006	-2,2187	
190	380,	4,4813e-006	-2,3641	
191	382,	4,4577e-006	-2,5126	
192	384,	4,4348e-006	-2,6642	
193	386,	4,4128e-006	-2,8192	
194	388,	4,3915e-006	-2,9776	
195	390,	4,371e-006	-3,1395	
196	392,	4,3512e-006	-3,305	
197	394,	4,3323e-006	-3,4743	
198	396,	4,3141e-006	-3,6475	
199	398,	4,2966e-006	-3,8248	
200	400,	4,2799e-006	-4,0062	
201	402,	4,2639e-006	-4,192	
202	404,	4,2487e-006	-4,3823	
203	406,	4,2342e-006	-4,5772	
204	408,	4,2205e-006	-4,777	
205	410,	4,2074e-006	-4,9818	
206	412,	4,1952e-006	-5,1918	
207	414,	4,1836e-006	-5,4072	
208	416,	4,1728e-006	-5,6283	
209	418,	4,1627e-006	-5,8551	
210	420,	4,1533e-006	-6,088	
211	422,	4,1447e-006	-6,3272	
212	424,	4,1368e-006	-6,5728	
213	426,	4,1296e-006	-6,8253	
214	428,	4,1232e-006	-7,0848	
215	430,	4,1175e-006	-7,3516	
216	432,	4,1126e-006	-7,626	
217	434,	4,1084e-006	-7,9082	
218	436,	4,1049e-006	-8,1987	
219	438,	4,1022e-006	-8,4977	
220	440,	4,1002e-006	-8,8056	
221	442,	4,099e-006	-9,1227	
222	444,	4,0986e-006	-9,4494	
223	446,	4,0989e-006	-9,7861	
224	448,	4,1e-006	-10,133	
225	450,	4,1019e-006	-10,491	
226	452,	4,1045e-006	-10,86	
227	454,	4,108e-006	-11,241	
228	456,	4,1122e-006	-11,634	
229	458,	4,1173e-006	-12,04	
230	460,	4,1231e-006	-12,459	
231	462,	4,1297e-006	-12,892	
232	464,	4,1372e-006	-13,34	
233	466,	4,1454e-006	-13,802	
234	468,	4,1545e-006	-14,28	
235	470,	4,1644e-006	-14,775	
236	472,	4,1751e-006	-15,286	
237	474,	4,1866e-006	-15,816	
238	476,	4,199e-006	-16,364	
239	478,	4,2122e-006	-16,931	
240	480,	4,2261e-006	-17,519	
241	482,	4,2409e-006	-18,128	
242	484,	4,2564e-006	-18,758	
243	486,	4,2728e-006	-19,412	
244	488,	4,2899e-006	-20,09	
245	490,	4,3077e-006	-20,793	
246	492,	4,3262e-006	-21,522	
247	494,	4,3454e-006	-22,278	
248	496,	4,3652e-006	-23,062	
249	498,	4,3857e-006	-23,876	
250	500,	4,4066e-006	-24,721	
251	502,	4,4281e-006	-25,598	
252	504,	4,4499e-006	-26,508	
253	506,	4,4721e-006	-27,452	
254	508,	4,4945e-006	-28,432	
255	510,	4,517e-006	-29,449	
256	512,	4,5396e-006	-30,504	
257	514,	4,562e-006	-31,599	
258	516,	4,5841e-006	-32,735	
259	518,	4,6057e-006	-33,912	
260	520,	4,6268e-006	-35,132	
261	522,	4,647e-006	-36,396	
262	524,	4,6662e-006	-37,705	
263	526,	4,684e-006	-39,059	
264	528,	4,7003e-006	-40,459	
265	530,	4,7149e-006	-41,905	
266	532,	4,7273e-006	-43,397	
267	534,	4,7373e-006	-44,936	
268	536,	4,7446e-006	-46,52	
269	538,	4,7488e-006	-48,149	
270	540,	4,7498e-006	-49,822	
271	542,	4,7471e-006	-51,536	
272	544,	4,7404e-006	-53,291	
273	546,	4,7295e-006	-55,083	
274	548,	4,7142e-006	-56,911	
275	550,	4,6941e-006	-58,77	
276	552,	4,6692e-006	-60,657	
277	554,	4,6392e-006	-62,568	
278	556,	4,6042e-006	-64,499	
279	558,	4,564e-006	-66,445	
280	560,	4,5187e-006	-68,401	
281	562,	4,4684e-006	-70,363	
282	564,	4,4132e-006	-72,325	
283	566,	4,3534e-006	-74,283	
284	568,	4,2892e-006	-76,231	
285	570,	4,221e-006	-78,164	
286	572,	4,149e-006	-80,078	
287	574,	4,0737e-006	-81,969	
288	576,	3,9954e-006	-83,832	
289	578,	3,9146e-006	-85,663	
290	580,	3,8318e-006	-87,46	
291	582,	3,7473e-006	-89,22	
292	584,	3,6615e-006	-90,939	
293	586,	3,5749e-006	-92,617	
294	588,	3,4878e-006	-94,251	
295	590,	3,4007e-006	-95,839	
296	592,	3,3137e-006	-97,382	
297	594,	3,2273e-006	-98,879	
298	596,	3,1416e-006	-100,33	
299	598,	3,0569e-006	-101,73	
300	600,	2,9735e-006	-103,09	
301	602,	2,8914e-006	-104,4	
302	604,	2,8109e-006	-105,67	
303	606,	2,732e-006	-106,89	
304	608,	2,6549e-006	-108,06	
305	610,	2,5797e-006	-109,2	
306	612,	2,5063e-006	-110,29	
307	614,	2,4348e-006	-111,35	
308	616,	2,3653e-006	-112,36	
309	618,	2,2978e-006	-113,34	
310	620,	2,2322e-006	-114,28	
311	622,	2,1686e-006	-115,19	
312	624,	2,1069e-006	-116,06	
313	626,	2,0471e-006	-116,9	
314	628,	1,9892e-006	-117,71	
315	630,	1,9332e-006	-118,49	
316	632,	1,8789e-006	-119,24	
317	634,	1,8264e-006	-119,96	
318	636,	1,7756e-006	-120,66	
319	638,	1,7265e-006	-121,33	
320	640,	1,679e-006	-121,97	
321	642,	1,633e-006	-122,6	
322	644,	1,5886e-006	-123,2	
323	646,	1,5456e-006	-123,77	
324	648,	1,5041e-006	-124,33	
325	650,	1,4639e-006	-124,87	
326	652,	1,4251e-006	-125,39	
327	654,	1,3875e-006	-125,89	
328	656,	1,3512e-006	-126,37	
329	658,	1,316e-006	-126,84	
330	660,	1,282e-006	-127,29	
331	662,	1,2492e-006	-127,73	
332	664,	1,2173e-006	-128,15	
333	666,	1,1865e-006	-128,56	
334	668,	1,1567e-006	-128,95	
335	670,	1,1279e-006	-129,34	
336	672,	1,1e-006	-129,71	
337	674,	1,0729e-006	-130,06	
338	676,	1,0467e-006	-130,41	
339	678,	1,0214e-006	-130,75	
340	680,	9,9677e-007	-131,07	
341	682,	9,7295e-007	-131,39	
342	684,	9,4986e-007	-131,69	
343	686,	9,2749e-007	-131,99	
344	688,	9,0579e-007	-132,28	
345	690,	8,8474e-007	-132,56	
346	692,	8,6434e-007	-132,83	
347	694,	8,4454e-007	-133,1	
348	696,	8,2533e-007	-133,35	
349	698,	8,0669e-007	-133,6	
350	700,	7,8859e-007	-133,85	
351	702,	7,7103e-007	-134,09	
352	704,	7,5397e-007	-134,32	
353	706,	7,3741e-007	-134,54	
354	708,	7,2132e-007	-134,76	
355	710,	7,0569e-007	-134,98	
356	712,	6,905e-007	-135,19	
357	714,	6,7574e-007	-135,39	
358	716,	6,6139e-007	-135,59	
359	718,	6,4744e-007	-135,79	
360	720,	6,3388e-007	-135,98	
361	722,	6,2069e-007	-136,17	
362	724,	6,0787e-007	-136,35	
363	726,	5,9539e-007	-136,53	
364	728,	5,8325e-007	-136,71	
365	730,	5,7143e-007	-136,88	
366	732,	5,5993e-007	-137,05	
367	734,	5,4874e-007	-137,22	
368	736,	5,3784e-007	-137,39	
369	738,	5,2723e-007	-137,55	
370	740,	5,169e-007	-137,71	
371	742,	5,0683e-007	-137,87	
372	744,	4,9703e-007	-138,02	
373	746,	4,8748e-007	-138,18	
374	748,	4,7817e-007	-138,33	
375	750,	4,691e-007	-138,48	
376	752,	4,6026e-007	-138,63	
377	754,	4,5165e-007	-138,78	
378	756,	4,4325e-007	-138,93	
379	758,	4,3506e-007	-139,07	
380	760,	4,2707e-007	-139,22	
381	762,	4,1928e-007	-139,36	
382	764,	4,1169e-007	-139,51	
383	766,	4,0428e-007	-139,65	
384	768,	3,9705e-007	-139,79	
385	770,	3,9e-007	-139,93	
386	772,	3,8311e-007	-140,08	
387	774,	3,764e-007	-140,22	
388	776,	3,6984e-007	-140,36	
389	778,	3,6344e-007	-140,5	
390	780,	3,572e-007	-140,65	
391	782,	3,511e-007	-140,79	
392	784,	3,4515e-007	-140,93	
393	786,	3,3933e-007	-141,08	
394	788,	3,3366e-007	-141,22	
395	790,	3,2811e-007	-141,37	
396	792,	3,227e-007	-141,51	
397	794,	3,1741e-007	-141,66	
398	796,	3,1224e-007	-141,81	
399	798,	3,072e-007	-141,96	
400	800,	3,0227e-007	-142,11	
401	802,	2,9745e-007	-142,26	
402	804,	2,9274e-007	-142,41	
403	806,	2,8814e-007	-142,57	
404	808,	2,8364e-007	-142,73	
405	810,	2,7925e-007	-142,88	
406	812,	2,7496e-007	-143,04	
407	814,	2,7076e-007	-143,21	
408	816,	2,6666e-007	-143,37	
409	818,	2,6265e-007	-143,54	
410	820,	2,5873e-007	-143,71	
411	822,	2,5489e-007	-143,88	
412	824,	2,5115e-007	-144,05	
413	826,	2,4749e-007	-144,23	
414	828,	2,4391e-007	-144,4	
415	830,	2,404e-007	-144,59	
416	832,	2,3698e-007	-144,77	
417	834,	2,3364e-007	-144,95	
418	836,	2,3036e-007	-145,14	
419	838,	2,2716e-007	-145,34	
420	840,	2,2403e-007	-145,53	
421	842,	2,2098e-007	-145,73	
422	844,	2,1798e-007	-145,93	
423	846,	2,1506e-007	-146,13	
424	848,	2,122e-007	-146,34	
425	850,	2,0941e-007	-146,55	
426	852,	2,0667e-007	-146,77	
427	854,	2,04e-007	-146,98	
428	856,	2,0139e-007	-147,2	
429	858,	1,9883e-007	-147,43	
430	860,	1,9633e-007	-147,66	
431	862,	1,9389e-007	-147,89	
432	864,	1,915e-007	-148,12	
433	866,	1,8917e-007	-148,36	
434	868,	1,8689e-007	-148,61	
435	870,	1,8466e-007	-148,85	
436	872,	1,8248e-007	-149,1	
437	874,	1,8036e-007	-149,36	
438	876,	1,7828e-007	-149,62	
439	878,	1,7624e-007	-149,88	
440	880,	1,7426e-007	-150,14	
441	882,	1,7232e-007	-150,42	
442	884,	1,7043e-007	-150,69	
443	886,	1,6858e-007	-150,97	
444	888,	1,6677e-007	-151,25	
445	890,	1,6501e-007	-151,54	
446	892,	1,6328e-007	-151,83	
447	894,	1,616e-007	-152,13	
448	896,	1,5996e-007	-152,42	
449	898,	1,5836e-007	-152,73	
450	900,	1,568e-007	-153,04	
451	902,	1,5528e-007	-153,35	
452	904,	1,538e-007	-153,66	
453	906,	1,5235e-007	-153,99	
454	908,	1,5094e-007	-154,31	
455	910,	1,4956e-007	-154,64	
456	912,	1,4823e-007	-154,97	
457	914,	1,4692e-007	-155,31	
458	916,	1,4565e-007	-155,65	
459	918,	1,4442e-007	-155,99	
460	920,	1,4321e-007	-156,34	
461	922,	1,4205e-007	-156,7	
462	924,	1,4091e-007	-157,05	
463	926,	1,398e-007	-157,41	
464	928,	1,3873e-007	-157,78	
465	930,	1,3769e-007	-158,15	
466	932,	1,3668e-007	-158,52	
467	934,	1,357e-007	-158,9	
468	936,	1,3475e-007	-159,27	
469	938,	1,3382e-007	-159,66	
470	940,	1,3293e-007	-160,04	
471	942,	1,3207e-007	-160,43	
472	944,	1,3123e-007	-160,83	
473	946,	1,3042e-007	-161,22	
474	948,	1,2964e-007	-161,62	
475	950,	1,2889e-007	-162,02	
476	952,	1,2816e-007	-162,43	
477	954,	1,2747e-007	-162,84	
478	956,	1,2679e-007	-163,25	
479	958,	1,2614e-007	-163,66	
480	960,	1,2552e-007	-164,08	
481	962,	1,2493e-007	-164,5	
482	964,	1,2436e-007	-164,92	
483	966,	1,2381e-007	-165,34	
484	968,	1,2329e-007	-165,77	
485	970,	1,2279e-007	-166,2	
486	972,	1,2232e-007	-166,63	
487	974,	1,2187e-007	-167,06	
488	976,	1,2144e-007	-167,49	
489	978,	1,2103e-007	-167,93	
490	980,	1,2065e-007	-168,36	
491	982,	1,203e-007	-168,8	
492	984,	1,1996e-007	-169,24	
493	986,	1,1965e-007	-169,68	
494	988,	1,1936e-007	-170,12	
495	990,	1,1909e-007	-170,56	
496	992,	1,1884e-007	-171,01	
497	994,	1,1861e-007	-171,45	
498	996,	1,184e-007	-171,89	
499	998,	1,1822e-007	-172,34	
500	1000,	1,1805e-007	-172,78	
