	Frequency [Hz]	Amplitude [Pa]	Phase Angle [°]	
1	2,	3,3913e+005	-0,11219	
2	4,	3,3953e+005	-0,22467	
3	6,	3,4021e+005	-0,33774	
4	8,	3,4116e+005	-0,4517	
5	10,	3,4239e+005	-0,56686	
6	12,	3,4391e+005	-0,68353	
7	14,	3,4572e+005	-0,80205	
8	16,	3,4783e+005	-0,92277	
9	18,	3,5026e+005	-1,0461	
10	20,	3,5302e+005	-1,1723	
11	22,	3,5612e+005	-1,3019	
12	24,	3,5958e+005	-1,4354	
13	26,	3,6342e+005	-1,5732	
14	28,	3,6767e+005	-1,7158	
15	30,	3,7235e+005	-1,8639	
16	32,	3,7749e+005	-2,0181	
17	34,	3,8314e+005	-2,1792	
18	36,	3,8931e+005	-2,3479	
19	38,	3,9608e+005	-2,5252	
20	40,	4,0347e+005	-2,7121	
21	42,	4,1156e+005	-2,9097	
22	44,	4,2042e+005	-3,1195	
23	46,	4,3012e+005	-3,3429	
24	48,	4,4077e+005	-3,5817	
25	50,	4,5246e+005	-3,838	
26	52,	4,6533e+005	-4,1141	
27	54,	4,7953e+005	-4,413	
28	56,	4,9524e+005	-4,738	
29	58,	5,1268e+005	-5,0931	
30	60,	5,3211e+005	-5,4833	
31	62,	5,5385e+005	-5,9145	
32	64,	5,7829e+005	-6,394	
33	66,	6,0592e+005	-6,931	
34	68,	6,3736e+005	-7,5369	
35	70,	6,7337e+005	-8,2266	
36	72,	7,1496e+005	-9,0192	
37	74,	7,6346e+005	-9,94	
38	76,	8,2061e+005	-11,023	
39	78,	8,8881e+005	-12,316	
40	80,	9,7137e+005	-13,885	
41	82,	1,073e+006	-15,827	
42	84,	1,2004e+006	-18,289	
43	86,	1,3638e+006	-21,499	
44	88,	1,5777e+006	-25,829	
45	90,	1,863e+006	-31,901	
46	92,	2,242e+006	-40,772	
47	94,	2,7079e+006	-54,067	
48	96,	3,1204e+006	-73,234	
49	98,	3,157e+006	-96,356	
50	100,	2,7548e+006	-117,19	
51	102,	2,2381e+006	-132,18	
52	104,	1,8058e+006	-142,19	
53	106,	1,4813e+006	-148,97	
54	108,	1,2405e+006	-153,74	
55	110,	1,0588e+006	-157,24	
56	112,	9,1835e+005	-159,89	
57	114,	8,0732e+005	-161,96	
58	116,	7,177e+005	-163,62	
59	118,	6,4406e+005	-164,98	
60	120,	5,826e+005	-166,11	
61	122,	5,3059e+005	-167,06	
62	124,	4,8606e+005	-167,87	
63	126,	4,4755e+005	-168,57	
64	128,	4,1393e+005	-169,19	
65	130,	3,8435e+005	-169,72	
66	132,	3,5813e+005	-170,2	
67	134,	3,3475e+005	-170,62	
68	136,	3,1378e+005	-171,	
69	138,	2,9486e+005	-171,34	
70	140,	2,7773e+005	-171,65	
71	142,	2,6214e+005	-171,93	
72	144,	2,4789e+005	-172,18	
73	146,	2,3484e+005	-172,41	
74	148,	2,2282e+005	-172,62	
75	150,	2,1174e+005	-172,82	
76	152,	2,0148e+005	-172,99	
77	154,	1,9197e+005	-173,16	
78	156,	1,8311e+005	-173,31	
79	158,	1,7486e+005	-173,45	
80	160,	1,6715e+005	-173,58	
81	162,	1,5993e+005	-173,69	
82	164,	1,5316e+005	-173,8	
83	166,	1,468e+005	-173,9	
84	168,	1,4081e+005	-173,99	
85	170,	1,3516e+005	-174,08	
86	172,	1,2982e+005	-174,16	
87	174,	1,2478e+005	-174,23	
88	176,	1,2e+005	-174,3	
89	178,	1,1547e+005	-174,35	
90	180,	1,1117e+005	-174,41	
91	182,	1,0708e+005	-174,46	
92	184,	1,0319e+005	-174,5	
93	186,	99484	-174,54	
94	188,	95948	-174,57	
95	190,	92572	-174,6	
96	192,	89347	-174,63	
97	194,	86261	-174,65	
98	196,	83307	-174,67	
99	198,	80476	-174,68	
100	200,	77762	-174,69	
101	202,	75156	-174,69	
102	204,	72653	-174,69	
103	206,	70247	-174,69	
104	208,	67933	-174,68	
105	210,	65705	-174,66	
106	212,	63558	-174,65	
107	214,	61489	-174,63	
108	216,	59493	-174,6	
109	218,	57567	-174,57	
110	220,	55706	-174,54	
111	222,	53908	-174,5	
112	224,	52169	-174,46	
113	226,	50487	-174,41	
114	228,	48858	-174,35	
115	230,	47280	-174,3	
116	232,	45751	-174,23	
117	234,	44269	-174,16	
118	236,	42831	-174,09	
119	238,	41435	-174,01	
120	240,	40079	-173,92	
121	242,	38762	-173,82	
122	244,	37482	-173,72	
123	246,	36237	-173,61	
124	248,	35026	-173,49	
125	250,	33847	-173,37	
126	252,	32699	-173,23	
127	254,	31580	-173,09	
128	256,	30490	-172,94	
129	258,	29427	-172,77	
130	260,	28390	-172,59	
131	262,	27379	-172,4	
132	264,	26391	-172,2	
133	266,	25427	-171,98	
134	268,	24484	-171,75	
135	270,	23564	-171,5	
136	272,	22663	-171,23	
137	274,	21783	-170,94	
138	276,	20922	-170,63	
139	278,	20079	-170,29	
140	280,	19254	-169,93	
141	282,	18446	-169,54	
142	284,	17655	-169,11	
143	286,	16881	-168,65	
144	288,	16121	-168,15	
145	290,	15378	-167,6	
146	292,	14649	-167,	
147	294,	13934	-166,35	
148	296,	13234	-165,63	
149	298,	12548	-164,84	
150	300,	11876	-163,96	
151	302,	11218	-162,98	
152	304,	10574	-161,9	
153	306,	9944,6	-160,68	
154	308,	9329,3	-159,31	
155	310,	8729,2	-157,76	
156	312,	8145,	-156,	
157	314,	7577,8	-153,99	
158	316,	7029,3	-151,67	
159	318,	6501,5	-148,99	
160	320,	5997,3	-145,87	
161	322,	5520,4	-142,23	
162	324,	5076,	-137,95	
163	326,	4670,5	-132,94	
164	328,	4312,2	-127,07	
165	330,	4011,	-120,29	
166	332,	3778,	-112,6	
167	334,	3623,6	-104,16	
168	336,	3555,7	-95,245	
169	338,	3577,1	-86,289	
170	340,	3684,2	-77,716	
171	342,	3868,2	-69,855	
172	344,	4117,4	-62,882	
173	346,	4419,6	-56,83	
174	348,	4763,7	-51,644	
175	350,	5140,5	-47,222	
176	352,	5542,7	-43,453	
177	354,	5964,6	-40,231	
178	356,	6402,	-37,463	
179	358,	6851,6	-35,072	
180	360,	7311,	-32,993	
181	362,	7778,3	-31,175	
182	364,	8252,2	-29,573	
183	366,	8731,6	-28,154	
184	368,	9215,9	-26,889	
185	370,	9704,6	-25,754	
186	372,	10197	-24,73	
187	374,	10694	-23,799	
188	376,	11195	-22,948	
189	378,	11700	-22,165	
190	380,	12210	-21,44	
191	382,	12726	-20,765	
192	384,	13249	-20,133	
193	386,	13779	-19,538	
194	388,	14320	-18,977	
195	390,	14872	-18,451	
196	392,	15437	-17,959	
197	394,	16019	-17,507	
198	396,	16618	-17,102	
199	398,	17234	-16,75	
200	400,	17868	-16,46	
201	402,	18515	-16,236	
202	404,	19174	-16,079	
203	406,	19840	-15,984	
204	408,	20508	-15,942	
205	410,	21178	-15,943	
206	412,	21846	-15,976	
207	414,	22514	-16,031	
208	416,	23181	-16,099	
209	418,	23848	-16,175	
210	420,	24519	-16,256	
211	422,	25194	-16,339	
212	424,	25875	-16,424	
213	426,	26563	-16,51	
214	428,	27261	-16,598	
215	430,	27969	-16,688	
216	432,	28689	-16,781	
217	434,	29421	-16,877	
218	436,	30168	-16,978	
219	438,	30929	-17,085	
220	440,	31706	-17,197	
221	442,	32500	-17,316	
222	444,	33312	-17,441	
223	446,	34144	-17,574	
224	448,	34995	-17,715	
225	450,	35867	-17,865	
226	452,	36762	-18,024	
227	454,	37681	-18,192	
228	456,	38624	-18,371	
229	458,	39594	-18,559	
230	460,	40591	-18,759	
231	462,	41618	-18,97	
232	464,	42675	-19,193	
233	466,	43765	-19,429	
234	468,	44889	-19,678	
235	470,	46050	-19,941	
236	472,	47249	-20,218	
237	474,	48488	-20,51	
238	476,	49771	-20,819	
239	478,	51099	-21,145	
240	480,	52475	-21,488	
241	482,	53902	-21,85	
242	484,	55383	-22,232	
243	486,	56922	-22,635	
244	488,	58522	-23,061	
245	490,	60187	-23,51	
246	492,	61921	-23,984	
247	494,	63728	-24,486	
248	496,	65613	-25,016	
249	498,	67581	-25,577	
250	500,	69637	-26,171	
251	502,	71788	-26,8	
252	504,	74039	-27,466	
253	506,	76397	-28,174	
254	508,	78869	-28,925	
255	510,	81462	-29,723	
256	512,	84183	-30,573	
257	514,	87042	-31,477	
258	516,	90046	-32,441	
259	518,	93203	-33,469	
260	520,	96523	-34,567	
261	522,	1,0001e+005	-35,741	
262	524,	1,0368e+005	-36,998	
263	526,	1,0754e+005	-38,344	
264	528,	1,1159e+005	-39,788	
265	530,	1,1584e+005	-41,337	
266	532,	1,2029e+005	-43,	
267	534,	1,2493e+005	-44,787	
268	536,	1,2977e+005	-46,707	
269	538,	1,3479e+005	-48,772	
270	540,	1,3996e+005	-50,99	
271	542,	1,4526e+005	-53,371	
272	544,	1,5065e+005	-55,925	
273	546,	1,5606e+005	-58,658	
274	548,	1,6142e+005	-61,576	
275	550,	1,6664e+005	-64,681	
276	552,	1,7163e+005	-67,97	
277	554,	1,7624e+005	-71,436	
278	556,	1,8036e+005	-75,066	
279	558,	1,8386e+005	-78,839	
280	560,	1,866e+005	-82,729	
281	562,	1,885e+005	-86,704	
282	564,	1,8948e+005	-90,726	
283	566,	1,8951e+005	-94,755	
284	568,	1,8859e+005	-98,752	
285	570,	1,8678e+005	-102,68	
286	572,	1,8415e+005	-106,5	
287	574,	1,8082e+005	-110,19	
288	576,	1,7692e+005	-113,72	
289	578,	1,7257e+005	-117,07	
290	580,	1,6789e+005	-120,25	
291	582,	1,6301e+005	-123,24	
292	584,	1,58e+005	-126,05	
293	586,	1,5296e+005	-128,67	
294	588,	1,4796e+005	-131,13	
295	590,	1,4304e+005	-133,41	
296	592,	1,3824e+005	-135,54	
297	594,	1,3359e+005	-137,52	
298	596,	1,291e+005	-139,37	
299	598,	1,2479e+005	-141,09	
300	600,	1,2067e+005	-142,69	
301	602,	1,1672e+005	-144,19	
302	604,	1,1296e+005	-145,59	
303	606,	1,0938e+005	-146,89	
304	608,	1,0597e+005	-148,11	
305	610,	1,0272e+005	-149,26	
306	612,	99637	-150,33	
307	614,	96700	-151,34	
308	616,	93905	-152,29	
309	618,	91245	-153,18	
310	620,	88712	-154,02	
311	622,	86300	-154,82	
312	624,	84000	-155,57	
313	626,	81808	-156,28	
314	628,	79715	-156,95	
315	630,	77717	-157,59	
316	632,	75808	-158,19	
317	634,	73983	-158,77	
318	636,	72237	-159,31	
319	638,	70565	-159,83	
320	640,	68962	-160,33	
321	642,	67426	-160,8	
322	644,	65952	-161,25	
323	646,	64537	-161,69	
324	648,	63178	-162,1	
325	650,	61871	-162,49	
326	652,	60614	-162,87	
327	654,	59403	-163,23	
328	656,	58238	-163,58	
329	658,	57114	-163,92	
330	660,	56031	-164,24	
331	662,	54985	-164,55	
332	664,	53976	-164,84	
333	666,	53001	-165,13	
334	668,	52059	-165,41	
335	670,	51148	-165,67	
336	672,	50266	-165,93	
337	674,	49413	-166,17	
338	676,	48586	-166,41	
339	678,	47785	-166,64	
340	680,	47009	-166,87	
341	682,	46256	-167,08	
342	684,	45525	-167,29	
343	686,	44816	-167,49	
344	688,	44128	-167,69	
345	690,	43459	-167,88	
346	692,	42809	-168,06	
347	694,	42176	-168,24	
348	696,	41562	-168,41	
349	698,	40963	-168,58	
350	700,	40381	-168,74	
351	702,	39814	-168,9	
352	704,	39262	-169,05	
353	706,	38724	-169,2	
354	708,	38199	-169,35	
355	710,	37688	-169,49	
356	712,	37189	-169,62	
357	714,	36702	-169,76	
358	716,	36227	-169,89	
359	718,	35764	-170,02	
360	720,	35311	-170,14	
361	722,	34869	-170,26	
362	724,	34437	-170,38	
363	726,	34014	-170,49	
364	728,	33602	-170,6	
365	730,	33198	-170,71	
366	732,	32803	-170,82	
367	734,	32417	-170,92	
368	736,	32039	-171,02	
369	738,	31669	-171,12	
370	740,	31307	-171,22	
371	742,	30953	-171,31	
372	744,	30605	-171,4	
373	746,	30265	-171,5	
374	748,	29932	-171,58	
375	750,	29605	-171,67	
376	752,	29285	-171,75	
377	754,	28971	-171,84	
378	756,	28663	-171,92	
379	758,	28361	-172,	
380	760,	28064	-172,07	
381	762,	27774	-172,15	
382	764,	27488	-172,22	
383	766,	27208	-172,3	
384	768,	26933	-172,37	
385	770,	26663	-172,44	
386	772,	26398	-172,51	
387	774,	26138	-172,57	
388	776,	25882	-172,64	
389	778,	25630	-172,7	
390	780,	25383	-172,77	
391	782,	25141	-172,83	
392	784,	24902	-172,89	
393	786,	24667	-172,95	
394	788,	24436	-173,01	
395	790,	24209	-173,07	
396	792,	23986	-173,12	
397	794,	23767	-173,18	
398	796,	23551	-173,23	
399	798,	23338	-173,29	
400	800,	23129	-173,34	
401	802,	22923	-173,39	
402	804,	22720	-173,44	
403	806,	22520	-173,49	
404	808,	22324	-173,54	
405	810,	22130	-173,59	
406	812,	21940	-173,64	
407	814,	21752	-173,68	
408	816,	21567	-173,73	
409	818,	21385	-173,78	
410	820,	21205	-173,82	
411	822,	21029	-173,86	
412	824,	20854	-173,91	
413	826,	20682	-173,95	
414	828,	20513	-173,99	
415	830,	20346	-174,03	
416	832,	20181	-174,07	
417	834,	20019	-174,11	
418	836,	19859	-174,15	
419	838,	19701	-174,19	
420	840,	19545	-174,23	
421	842,	19391	-174,26	
422	844,	19240	-174,3	
423	846,	19090	-174,34	
424	848,	18943	-174,37	
425	850,	18797	-174,41	
426	852,	18653	-174,44	
427	854,	18512	-174,47	
428	856,	18372	-174,51	
429	858,	18233	-174,54	
430	860,	18097	-174,57	
431	862,	17962	-174,6	
432	864,	17829	-174,64	
433	866,	17698	-174,67	
434	868,	17568	-174,7	
435	870,	17440	-174,73	
436	872,	17313	-174,76	
437	874,	17188	-174,79	
438	876,	17065	-174,82	
439	878,	16943	-174,84	
440	880,	16822	-174,87	
441	882,	16703	-174,9	
442	884,	16586	-174,93	
443	886,	16469	-174,95	
444	888,	16354	-174,98	
445	890,	16241	-175,01	
446	892,	16128	-175,03	
447	894,	16017	-175,06	
448	896,	15908	-175,08	
449	898,	15799	-175,11	
450	900,	15692	-175,13	
451	902,	15586	-175,16	
452	904,	15481	-175,18	
453	906,	15377	-175,2	
454	908,	15275	-175,23	
455	910,	15173	-175,25	
456	912,	15073	-175,27	
457	914,	14974	-175,29	
458	916,	14875	-175,32	
459	918,	14778	-175,34	
460	920,	14682	-175,36	
461	922,	14587	-175,38	
462	924,	14493	-175,4	
463	926,	14400	-175,42	
464	928,	14308	-175,44	
465	930,	14217	-175,46	
466	932,	14126	-175,48	
467	934,	14037	-175,5	
468	936,	13949	-175,52	
469	938,	13861	-175,54	
470	940,	13775	-175,56	
471	942,	13689	-175,57	
472	944,	13604	-175,59	
473	946,	13520	-175,61	
474	948,	13437	-175,63	
475	950,	13355	-175,65	
476	952,	13273	-175,66	
477	954,	13192	-175,68	
478	956,	13112	-175,7	
479	958,	13033	-175,71	
480	960,	12955	-175,73	
481	962,	12877	-175,75	
482	964,	12800	-175,76	
483	966,	12724	-175,78	
484	968,	12648	-175,79	
485	970,	12574	-175,81	
486	972,	12500	-175,82	
487	974,	12426	-175,84	
488	976,	12353	-175,85	
489	978,	12281	-175,87	
490	980,	12210	-175,88	
491	982,	12139	-175,9	
492	984,	12069	-175,91	
493	986,	12000	-175,92	
494	988,	11931	-175,94	
495	990,	11863	-175,95	
496	992,	11795	-175,96	
497	994,	11728	-175,98	
498	996,	11662	-175,99	
499	998,	11596	-176,	
500	1000,	11531	-176,02	
